4.06E-05	9.20E-14	0.99996	1.47E-09
4.06E-05	9.20E-14	0.99996	1.47E-09
4.06E-05	9.20E-14	0.99996	1.47E-09
4.06E-05	9.20E-14	0.99996	1.47E-09
1.26E-05	1.02E-15	0.99999	1.62E-09
1.26E-05	1.02E-15	0.99999	1.62E-09
1.26E-05	1.02E-15	0.99999	1.62E-09
1.26E-05	1.02E-15	0.99999	1.62E-09
2.27E-05	8.99E-15	0.99998	1.47E-09
2.27E-05	8.99E-15	0.99998	1.47E-09
2.27E-05	8.99E-15	0.99998	1.47E-09
2.60E-05	6.93E-15	0.99997	1.52E-09
2.60E-05	6.93E-15	0.99997	1.52E-09
2.60E-05	6.93E-15	0.99997	1.52E-09
4.96E-06	1.02E-16	0.99999	1.62E-09
4.96E-06	1.02E-16	0.99999	1.62E-09
4.96E-06	1.02E-16	0.99999	1.62E-09
1.20E-05	9.19E-16	0.99999	1.52E-09
1.33E-05	9.03E-17	0.99999	1.62E-09
1.33E-05	9.03E-17	0.99999	1.62E-09
1.33E-05	9.03E-17	0.99999	1.62E-09
1.33E-05	9.03E-17	0.99999	1.62E-09
2.54E-05	5.26E-16	0.99998	1.52E-09
2.54E-05	5.26E-16	0.99998	1.52E-09
2.54E-05	5.26E-16	0.99998	1.52E-09
4.93E-06	1.36E-17	0.99999	1.62E-09
4.93E-06	1.36E-17	0.99999	1.62E-09
4.93E-06	1.36E-17	0.99999	1.62E-09
1.06E-05	8.22E-17	0.99999	1.52E-09
2.83E-05	1.42E-15	0.99997	1.47E-09
2.83E-05	1.42E-15	0.99997	1.47E-09
2.83E-05	1.42E-15	0.99997	1.47E-09
2.83E-05	1.42E-15	0.99997	1.47E-09
1.25E-05	1.82E-16	0.99999	1.47E-09
1.25E-05	1.82E-16	0.99999	1.47E-09
1.25E-05	1.82E-16	0.99999	1.47E-09
4.06E-05	9.20E-14	0.99996	1.47E-09
4.06E-05	9.20E-14	0.99996	1.47E-09
4.06E-05	9.20E-14	0.99996	1.47E-09
1.26E-05	1.02E-15	0.99999	1.62E-09
1.26E-05	1.02E-15	0.99999	1.62E-09
1.26E-05	1.02E-15	0.99999	1.62E-09
2.27E-05	8.99E-15	0.99998	1.47E-09
2.27E-05	8.99E-15	0.99998	1.47E-09
2.27E-05	8.99E-15	0.99998	1.47E-09
2.60E-05	6.93E-15	0.99997	1.52E-09
2.60E-05	6.93E-15	0.99997	1.52E-09
2.60E-05	6.93E-15	0.99997	1.52E-09
2.60E-05	6.93E-15	0.99997	1.52E-09
2.60E-05	6.93E-15	0.99997	1.52E-09
4.96E-06	1.02E-16	0.99999	1.62E-09
4.96E-06	1.02E-16	0.99999	1.62E-09
4.96E-06	1.02E-16	0.99999	1.62E-09
1.33E-05	9.03E-17	0.99999	1.62E-09
1.33E-05	9.03E-17	0.99999	1.62E-09
1.33E-05	9.03E-17	0.99999	1.62E-09
2.54E-05	5.26E-16	0.99998	1.52E-09
2.54E-05	5.26E-16	0.99998	1.52E-09
2.54E-05	5.26E-16	0.99998	1.52E-09
2.54E-05	5.26E-16	0.99998	1.52E-09
2.54E-05	5.26E-16	0.99998	1.52E-09
4.93E-06	1.36E-17	0.99999	1.62E-09
4.93E-06	1.36E-17	0.99999	1.62E-09
4.93E-06	1.36E-17	0.99999	1.62E-09
2.83E-05	1.42E-15	0.99997	1.47E-09
2.83E-05	1.42E-15	0.99997	1.47E-09
2.83E-05	1.42E-15	0.99997	1.47E-09
1.25E-05	1.82E-16	0.99999	1.47E-09
1.25E-05	1.82E-16	0.99999	1.47E-09
1.25E-05	1.82E-16	0.99999	1.47E-09
4.06E-05	9.20E-14	0.99996	1.47E-09
1.26E-05	1.02E-15	0.99999	1.62E-09
6.95E-05	4.55E-13	0.99993	1.37E-09
1.28E-05	9.98E-17	0.99999	1.64E-09
9.80E-05	2.54E-12	0.9999	1.81E-09
4.68E-05	9.00E-14	0.99995	1.37E-09
4.93E-06	1.66E-17	0.99999	1.64E-09
1.33E-05	9.03E-17	0.99999	1.62E-09
0.00022117	1.86E-21	0.99978	6.88E-10
0.00011537	8.12E-13	0.99989	1.81E-09
7.05E-05	7.77E-13	0.99993	1.81E-09
0.0003874	7.94E-20	0.99961	7.77E-10
8.44E-05	2.20E-22	0.99992	6.87E-10
0.00013271	8.69E-13	0.99987	1.81E-09
8.41E-05	4.35E-13	0.99992	1.81E-09
2.83E-05	1.42E-15	0.99997	1.47E-09
0.0003648	1.39E-18	0.99963	8.77E-10
0.00018451	1.12E-20	0.99981	7.77E-10
0.00014822	1.05E-12	0.99985	1.81E-09
9.32E-05	4.77E-13	0.99991	1.81E-09
4.50E-05	7.22E-15	0.99995	1.37E-09
0.00032157	1.30E-17	0.99968	9.91E-10
0.00016605	2.29E-19	0.99983	8.77E-10
0.00015588	5.03E-13	0.99984	1.81E-09
0.0001067	6.05E-13	0.99989	1.81E-09
6.73E-05	2.84E-14	0.99993	1.81E-09
2.20E-05	1.18E-15	0.99998	1.37E-09
0.00021241	6.70E-17	0.99979	1.12E-09
0.00011947	2.39E-18	0.99988	9.91E-10
0.00072388	1.87E-20	0.99928	6.88E-10
0.00016041	3.74E-13	0.99984	1.81E-09
0.00011917	2.48E-13	0.99988	1.81E-09
0.00010078	1.21E-13	0.9999	1.81E-09
3.64E-05	6.47E-15	0.99996	1.81E-09
0.0001425	3.23E-16	0.99986	1.27E-09
7.87E-05	1.59E-17	0.99992	1.12E-09
0.0011026	5.25E-19	0.9989	7.77E-10
0.00036339	5.97E-21	0.99964	6.87E-10
0.00016445	3.13E-13	0.99984	1.81E-09
0.00012098	1.07E-13	0.99988	1.81E-09
0.00014526	5.22E-13	0.99985	1.81E-09
5.68E-05	3.86E-14	0.99994	1.81E-09
0.00011033	1.88E-15	0.99989	1.43E-09
5.99E-05	9.01E-17	0.99994	1.26E-09
0.00073396	4.50E-18	0.99927	8.77E-10
0.0006001	8.82E-20	0.9994	7.77E-10
0.00014074	1.13E-12	0.99986	1.81E-09
0.00011474	1.37E-13	0.99989	1.81E-09
0.00019537	2.49E-12	0.9998	1.81E-09
8.83E-05	1.56E-13	0.99991	1.81E-09
9.52E-05	9.34E-15	0.9999	1.61E-09
4.28E-05	6.23E-16	0.99996	1.43E-09
0.0004654	1.48E-16	0.99954	9.91E-10
0.00033037	7.46E-19	0.99967	8.77E-10
0.00011593	1.31E-12	0.99988	1.81E-09
8.64E-05	2.75E-13	0.99991	1.81E-09
0.0002264	1.10E-11	0.99977	1.81E-09
0.00013332	7.05E-13	0.99987	1.81E-09
8.55E-05	4.58E-14	0.99991	1.82E-09
3.29E-05	3.32E-15	0.99997	1.61E-09
0.00042191	3.38E-15	0.99958	1.12E-09
0.00021535	1.72E-17	0.99979	9.91E-10
8.39E-05	2.86E-13	0.99992	2.06E-09
6.62E-05	5.72E-13	0.99993	1.81E-09
0.00025229	6.11E-12	0.99975	1.81E-09
0.00015458	3.52E-12	0.99985	1.81E-09
3.27E-05	1.79E-14	0.99997	1.82E-09
0.00043874	4.58E-14	0.99956	1.27E-09
0.00020385	4.08E-16	0.9998	1.12E-09
3.95E-05	1.18E-13	0.99996	2.06E-09
0.00025666	7.72E-12	0.99974	1.81E-09
0.00017728	2.44E-12	0.99982	1.81E-09
0.00030994	2.92E-13	0.99969	1.43E-09
0.00021713	6.72E-15	0.99978	1.26E-09
0.00027767	1.49E-11	0.99972	1.81E-09
0.00017933	2.33E-12	0.99982	1.81E-09
0.00017455	1.64E-12	0.99983	1.61E-09
0.00012089	6.20E-14	0.99988	1.43E-09
0.00034931	1.01E-10	0.99965	1.81E-09
0.00019135	5.76E-12	0.99981	1.81E-09
0.00020308	8.17E-12	0.9998	1.82E-09
7.00E-05	4.52E-13	0.99993	1.61E-09
0.00033428	3.98E-11	0.99967	2.06E-09
0.00024602	4.32E-11	0.99975	1.81E-09
0.00010659	2.43E-12	0.99989	1.82E-09
0.00023433	1.23E-11	0.99977	2.06E-09
0.59654	0.0012243	0.40223	1.05E-09
0.59658	0.0011476	0.40228	1.15E-09
0.59661	0.0012084	0.40218	1.03E-09
0.59801	0.0012469	0.40074	1.05E-09
0.59697	0.001223	0.4018	9.57E-10
0.59664	0.0011149	0.40225	1.24E-09
0.59657	0.0011397	0.40229	1.13E-09
0.59802	0.0011947	0.40078	1.15E-09
0.59691	0.0012815	0.40181	1.06E-09
0.59665	0.001211	0.40214	1.00E-09
0.59808	0.0012302	0.40069	1.03E-09
0.59745	0.0012822	0.40126	1.05E-09
0.59845	0.0012451	0.40031	9.57E-10
0.59716	0.0011132	0.40173	9.49E-10
0.59661	0.0011079	0.40228	1.34E-09
0.59662	0.0010913	0.40229	1.23E-09
0.59809	0.0011569	0.40075	1.24E-09
0.59701	0.0012536	0.40174	1.16E-09
0.59653	0.0011393	0.40233	1.10E-09
0.59804	0.0011623	0.4008	1.13E-09
0.59747	0.0012815	0.40125	1.15E-09
0.59838	0.0013084	0.40031	1.06E-09
0.5971	0.0012105	0.40169	1.05E-09
0.5971	0.0012329	0.40167	9.70E-10
0.59812	0.0012324	0.40064	1.00E-09
0.59768	0.0012645	0.40105	1.03E-09
0.59732	0.0013348	0.40134	1.05E-09
0.59782	0.0012806	0.40089	9.57E-10
0.59863	0.0011409	0.40023	9.49E-10
0.59747	0.0010911	0.40143	9.27E-10
0.5966	0.00112	0.40228	1.44E-09
0.5966	0.0010906	0.40231	1.32E-09
0.59806	0.0011489	0.40079	1.34E-09
0.59698	0.0012717	0.40175	1.27E-09
0.5966	0.0010873	0.40232	1.20E-09
0.59809	0.0011143	0.4008	1.23E-09
0.59741	0.0012386	0.40135	1.24E-09
0.59848	0.00128	0.40024	1.16E-09
0.59719	0.0011733	0.40163	1.15E-09
0.59663	0.0011267	0.40224	1.06E-09
0.598	0.0011611	0.40083	1.10E-09
0.59765	0.0012338	0.40112	1.13E-09
0.59728	0.0013742	0.40135	1.15E-09
0.59776	0.0013862	0.40086	1.06E-09
0.59857	0.0012341	0.4002	1.05E-09
0.59733	0.0011816	0.40149	1.02E-09
0.5971	0.001216	0.40169	9.30E-10
0.59857	0.0012542	0.40017	9.70E-10
0.59803	0.0012664	0.4007	1.00E-09
0.59764	0.0013149	0.40105	1.03E-09
0.59752	0.0014033	0.40107	1.05E-09
0.59733	0.0013334	0.40134	9.57E-10
0.59792	0.0011869	0.40089	9.49E-10
0.59895	0.001118	0.39994	9.27E-10
0.59769	0.0010827	0.40123	8.95E-10
0.59661	0.0011416	0.40225	1.52E-09
0.59663	0.0010892	0.40228	1.42E-09
0.59808	0.0011415	0.40078	1.44E-09
0.59703	0.0013231	0.40165	1.38E-09
0.59656	0.0010806	0.40236	1.29E-09
0.59807	0.001116	0.40081	1.32E-09
0.59728	0.0012344	0.40148	1.34E-09
0.59845	0.0012989	0.40025	1.27E-09
0.5972	0.0011772	0.40162	1.26E-09
0.59666	0.0010938	0.40225	1.16E-09
0.59808	0.0011009	0.40082	1.20E-09
0.59751	0.0012117	0.40128	1.23E-09
0.59702	0.0013442	0.40163	1.24E-09
0.59769	0.0013648	0.40094	1.16E-09
0.59866	0.0012005	0.40014	1.15E-09
0.59741	0.0011534	0.40143	1.13E-09
0.59675	0.0011546	0.4021	1.02E-09
0.59811	0.0011461	0.40075	1.06E-09
0.59769	0.001231	0.40108	1.10E-09
0.59773	0.0013309	0.40094	1.13E-09
0.59768	0.0014907	0.40083	1.15E-09
0.59734	0.0014875	0.40117	1.06E-09
0.59781	0.001305	0.40088	1.05E-09
0.5988	0.0012053	0.39999	1.02E-09
0.59754	0.0011698	0.4013	9.89E-10
0.59857	0.0012348	0.40019	9.30E-10
0.59709	0.0012429	0.40167	5.41E-10
0.59884	0.0012892	0.39987	9.70E-10
0.5988	0.0013158	0.39989	1.00E-09
0.59847	0.0013809	0.40015	1.03E-09
0.59876	0.0014876	0.39976	1.05E-09
0.59724	0.0014027	0.40136	9.57E-10
0.59723	0.0012562	0.40152	9.49E-10
0.59813	0.0011603	0.40071	9.27E-10
0.59916	0.001109	0.39973	8.95E-10
0.5978	0.0010581	0.40115	8.57E-10
0.59654	0.0012003	0.40226	1.58E-09
0.59668	0.0011116	0.4022	1.50E-09
0.59807	0.001177	0.40076	1.52E-09
0.59707	0.0014092	0.40152	1.49E-09
0.59662	0.0010859	0.40229	1.39E-09
0.5981	0.00111	0.40079	1.42E-09
0.59724	0.001246	0.40152	1.44E-09
0.5985	0.0013514	0.40015	1.38E-09
0.59728	0.0011948	0.40152	1.37E-09
0.59668	0.0010841	0.40223	1.25E-09
0.59804	0.0010912	0.40087	1.29E-09
0.59734	0.0012058	0.40146	1.32E-09
0.59675	0.0013459	0.4019	1.34E-09
0.59762	0.0013907	0.40099	1.27E-09
0.59867	0.0012017	0.40013	1.26E-09
0.59747	0.0011484	0.40138	1.23E-09
0.59671	0.0010958	0.4022	1.11E-09
0.59813	0.0011187	0.40075	1.16E-09
0.59759	0.001207	0.40121	1.20E-09
0.59725	0.0013237	0.40143	1.23E-09
0.59716	0.0014671	0.40137	1.24E-09
0.5971	0.001472	0.40143	1.16E-09
0.59781	0.0012842	0.40091	1.15E-09
0.59889	0.0011783	0.39994	1.13E-09
0.59762	0.0011443	0.40123	1.09E-09
0.59823	0.0011673	0.4006	1.02E-09
0.59704	0.0011371	0.40183	6.12E-10
0.59818	0.0012347	0.40058	1.06E-09
0.59806	0.0013272	0.40062	1.10E-09
0.59858	0.0014499	0.39997	1.13E-09
0.59897	0.0016282	0.3994	1.15E-09
0.59747	0.0016084	0.40092	1.06E-09
0.59718	0.0013996	0.40142	1.05E-09
0.59804	0.0012762	0.40069	1.02E-09
0.59901	0.0011937	0.3998	9.89E-10
0.59772	0.001158	0.40112	9.47E-10
0.59884	0.0012647	0.39989	9.30E-10
0.59854	0.0012889	0.40017	5.41E-10
0.59719	0.0012783	0.40154	5.48E-10
0.59968	0.0013407	0.39898	9.70E-10
0.60074	0.0013819	0.39788	1.00E-09
0.60137	0.001462	0.39717	1.03E-09
0.60266	0.0015882	0.39575	1.05E-09
0.59791	0.0014873	0.4006	9.57E-10
0.59675	0.0013434	0.40191	9.49E-10
0.59702	0.0012287	0.40175	9.27E-10
0.59831	0.0011494	0.40055	8.95E-10
0.59927	0.0010788	0.39965	8.57E-10
0.59787	0.0010704	0.40106	8.14E-10
0.59642	0.0012985	0.40228	1.62E-09
0.59668	0.0011599	0.40216	1.57E-09
0.598	0.00123	0.40077	1.58E-09
0.59703	0.0015439	0.40142	1.59E-09
0.59667	0.001112	0.40222	1.47E-09
0.59815	0.0011418	0.40071	1.50E-09
0.59717	0.001283	0.40155	1.52E-09
0.59854	0.0014398	0.40002	1.49E-09
0.59731	0.0012669	0.40142	1.48E-09
0.59669	0.0010864	0.40223	1.34E-09
0.59809	0.0011112	0.4008	1.39E-09
0.59728	0.0012094	0.40151	1.42E-09
0.59663	0.0013718	0.402	1.44E-09
0.59763	0.0014532	0.40091	1.38E-09
0.59874	0.0012334	0.40003	1.37E-09
0.59753	0.0011925	0.40128	1.34E-09
0.59669	0.0010781	0.40223	1.20E-09
0.59815	0.0011078	0.40074	1.25E-09
0.59748	0.0012	0.40132	1.29E-09
0.5968	0.0013174	0.40189	1.32E-09
0.59664	0.0014692	0.40189	1.34E-09
0.59689	0.0015047	0.40161	1.27E-09
0.59779	0.0012874	0.40093	1.26E-09
0.59893	0.0011867	0.39988	1.23E-09
0.59766	0.0011523	0.40119	1.19E-09
0.59818	0.0011185	0.4007	1.11E-09
0.59701	0.0011029	0.40188	6.91E-10
0.59789	0.001205	0.40091	1.16E-09
0.59758	0.0013343	0.40109	1.20E-09
0.5979	0.001443	0.40066	1.23E-09
0.59832	0.0016031	0.40007	1.24E-09
0.59697	0.0015962	0.40143	1.16E-09
0.59707	0.0013857	0.40155	1.15E-09
0.59807	0.0012609	0.40067	1.13E-09
0.59909	0.0011697	0.39974	1.09E-09
0.59787	0.0011256	0.401	1.04E-09
0.59893	0.0012544	0.39982	1.02E-09
0.59851	0.001154	0.40033	6.12E-10
0.59706	0.0012124	0.40173	6.19E-10
0.59921	0.0013387	0.39946	1.06E-09
0.59968	0.0014445	0.39887	1.10E-09
0.60105	0.0015872	0.39736	1.13E-09
0.60245	0.001784	0.39577	1.15E-09
0.59845	0.0017472	0.3998	1.06E-09
0.59691	0.0015148	0.40157	1.05E-09
0.59713	0.0013694	0.4015	1.02E-09
0.59819	0.0012656	0.40054	9.89E-10
0.59919	0.0011816	0.39962	9.47E-10
0.59786	0.0011667	0.40097	8.99E-10
0.59987	0.0013075	0.39883	9.30E-10
0.59898	0.0013638	0.39965	5.41E-10
0.59863	0.0013264	0.40004	5.48E-10
0.59706	0.0013222	0.40162	5.52E-10
0.60105	0.0014077	0.39755	9.70E-10
0.60285	0.0014618	0.39569	1.00E-09
0.60609	0.0015591	0.39235	1.03E-09
0.60795	0.001702	0.39035	1.05E-09
0.60025	0.0015863	0.39816	9.57E-10
0.59713	0.0014385	0.40143	9.49E-10
0.59663	0.0013198	0.40205	9.27E-10
0.59721	0.0012125	0.40158	8.95E-10
0.5985	0.0011121	0.40039	8.57E-10
0.59935	0.0010921	0.39956	8.14E-10
0.59796	0.0010732	0.40097	7.68E-10
0.59624	0.001503	0.40225	1.62E-09
0.59659	0.001257	0.40216	1.62E-09
0.59788	0.0013363	0.40079	1.62E-09
0.59696	0.0017265	0.40132	1.69E-09
0.59666	0.0011666	0.40217	1.54E-09
0.59814	0.0011938	0.40067	1.57E-09
0.59706	0.0013286	0.40161	1.58E-09
0.5985	0.0015775	0.39993	1.59E-09
0.59739	0.0013885	0.40122	1.59E-09
0.59666	0.0011509	0.40219	1.42E-09
0.59815	0.0011306	0.40072	1.47E-09
0.59728	0.0012332	0.40149	1.50E-09
0.59645	0.0014141	0.40213	1.52E-09
0.5976	0.0015546	0.40085	1.49E-09
0.59877	0.0013054	0.39993	1.48E-09
0.59766	0.0012624	0.40108	1.45E-09
0.5967	0.0010861	0.40221	1.28E-09
0.59816	0.0011111	0.40073	1.34E-09
0.59744	0.0011981	0.40136	1.39E-09
0.59672	0.0013405	0.40194	1.42E-09
0.59643	0.0015005	0.40207	1.44E-09
0.59671	0.0015783	0.40171	1.38E-09
0.59789	0.0013297	0.40078	1.37E-09
0.59901	0.0012101	0.39978	1.34E-09
0.59783	0.0012042	0.40096	1.30E-09
0.59815	0.0011119	0.40073	1.20E-09
0.5968	0.0011138	0.40209	7.81E-10
0.59778	0.0011979	0.40102	1.25E-09
0.5973	0.0013311	0.40137	1.29E-09
0.59712	0.0014462	0.40143	1.32E-09
0.59741	0.0016192	0.40097	1.34E-09
0.59652	0.001637	0.40184	1.27E-09
0.59694	0.0013887	0.40167	1.26E-09
0.59806	0.0012728	0.40067	1.23E-09
0.59913	0.0011836	0.39969	1.19E-09
0.59785	0.0011294	0.40102	1.14E-09
0.59842	0.00121	0.40037	1.11E-09
0.59847	0.0011361	0.40039	6.91E-10
0.59696	0.0011686	0.40187	6.99E-10
0.59836	0.0013137	0.40033	1.16E-09
0.59844	0.0014447	0.40011	1.20E-09
0.60034	0.0015876	0.39808	1.23E-09
0.60168	0.0017524	0.39656	1.24E-09
0.59768	0.0017359	0.40058	1.16E-09
0.59664	0.0015014	0.40186	1.15E-09
0.59713	0.0013616	0.40151	1.13E-09
0.59821	0.0012545	0.40053	1.09E-09
0.59934	0.001155	0.39951	1.04E-09
0.59801	0.0011288	0.40086	9.90E-10
0.59992	0.0013609	0.39872	1.02E-09
0.59899	0.0012827	0.39973	6.12E-10
0.59851	0.0012566	0.40024	6.19E-10
0.59716	0.0013332	0.4015	6.24E-10
0.60169	0.001459	0.39685	1.06E-09
0.60335	0.0015844	0.39506	1.10E-09
0.60458	0.0017441	0.39368	1.13E-09
0.60708	0.0019591	0.39096	1.15E-09
0.60075	0.0019026	0.39735	1.06E-09
0.5974	0.0016471	0.40095	1.05E-09
0.59676	0.0014838	0.40176	1.02E-09
0.59718	0.0013594	0.40146	9.89E-10
0.59836	0.0012545	0.40039	9.47E-10
0.59933	0.0011903	0.39948	8.99E-10
0.59798	0.0011932	0.40083	8.49E-10
0.60218	0.0014094	0.39641	9.30E-10
0.60059	0.0014374	0.39798	5.41E-10
0.59921	0.0013872	0.3994	5.48E-10
0.59853	0.0013435	0.40012	5.52E-10
0.59704	0.0014631	0.4015	5.55E-10
0.60349	0.0014887	0.39502	9.70E-10
0.60676	0.0015567	0.39168	1.00E-09
0.61036	0.0016719	0.38797	1.03E-09
0.614	0.0018377	0.38416	1.05E-09
0.60465	0.0017007	0.39365	9.57E-10
0.59875	0.0015455	0.3997	9.49E-10
0.59668	0.0014167	0.4019	9.27E-10
0.59653	0.0013019	0.40217	8.95E-10
0.59748	0.0011606	0.40136	8.57E-10
0.59856	0.0011279	0.40031	8.14E-10
0.59944	0.0010942	0.39947	7.68E-10
0.59792	0.0010305	0.40105	7.21E-10
0.59607	0.0018129	0.40212	1.55E-09
0.59636	0.001483	0.40215	1.62E-09
0.59769	0.0015481	0.40076	1.62E-09
0.59684	0.0019506	0.40121	1.77E-09
0.59657	0.0012734	0.40215	1.59E-09
0.59803	0.0013088	0.40066	1.62E-09
0.59685	0.0015404	0.40161	1.62E-09
0.59841	0.0017652	0.39982	1.69E-09
0.59733	0.0015347	0.40114	1.69E-09
0.59661	0.0012305	0.40216	1.49E-09
0.59813	0.0011859	0.40068	1.54E-09
0.59722	0.0012944	0.40148	1.57E-09
0.59629	0.0015309	0.40218	1.58E-09
0.59748	0.0017076	0.40081	1.59E-09
0.59885	0.0014259	0.39973	1.59E-09
0.5976	0.0013835	0.40102	1.56E-09
0.59669	0.0011139	0.4022	1.36E-09
0.59813	0.0011727	0.4007	1.42E-09
0.59739	0.0012363	0.40137	1.47E-09
0.59654	0.0013705	0.40209	1.50E-09
0.59627	0.0015694	0.40217	1.52E-09
0.5966	0.0016955	0.40171	1.49E-09
0.59787	0.0014054	0.40072	1.48E-09
0.59913	0.0012901	0.39958	1.45E-09
0.59776	0.0012838	0.40096	1.41E-09
0.59817	0.0011111	0.40072	1.28E-09
0.59668	0.0011122	0.4022	8.83E-10
0.59768	0.0011942	0.40112	1.34E-09
0.59707	0.001335	0.40159	1.39E-09
0.59679	0.0014852	0.40173	1.42E-09
0.59701	0.0016769	0.40131	1.44E-09
0.59634	0.0017242	0.40194	1.38E-09
0.59684	0.0014453	0.40171	1.37E-09
0.59811	0.0013104	0.40058	1.34E-09
0.5993	0.001231	0.39947	1.30E-09
0.59792	0.001133	0.40095	1.24E-09
0.59799	0.0012056	0.40081	1.20E-09
0.59828	0.0011314	0.40059	7.81E-10
0.59676	0.0011591	0.40208	7.90E-10
0.59794	0.0013103	0.40075	1.25E-09
0.59792	0.0014501	0.40063	1.29E-09
0.59869	0.0015925	0.39972	1.32E-09
0.59994	0.0017764	0.39828	1.34E-09
0.59693	0.0017871	0.40128	1.27E-09
0.59636	0.0015147	0.40212	1.26E-09
0.59709	0.0013771	0.40153	1.23E-09
0.59818	0.0012714	0.40055	1.19E-09
0.59932	0.001154	0.39952	1.14E-09
0.598	0.0011298	0.40086	1.08E-09
0.59939	0.0013268	0.39928	1.11E-09
0.59859	0.0012493	0.40016	6.91E-10
0.59841	0.0012075	0.40038	6.99E-10
0.59692	0.001246	0.40183	7.05E-10
0.60017	0.0014405	0.39839	1.16E-09
0.60119	0.0015809	0.39723	1.20E-09
0.60479	0.0017454	0.39346	1.23E-09
0.60732	0.001928	0.39075	1.24E-09
0.60033	0.0018915	0.39778	1.16E-09
0.59677	0.0016318	0.4016	1.15E-09
0.59653	0.0014774	0.40199	1.13E-09
0.5972	0.001357	0.40144	1.09E-09
0.59836	0.0012444	0.40039	1.04E-09
0.59948	0.001159	0.39937	9.90E-10
0.59808	0.0011484	0.40078	9.34E-10
0.60175	0.0014755	0.39677	1.02E-09
0.59995	0.0014363	0.39861	6.12E-10
0.59927	0.0013738	0.39936	6.19E-10
0.59864	0.0013531	0.40001	6.24E-10
0.59715	0.0014628	0.40139	6.27E-10
0.60445	0.0015971	0.39395	1.06E-09
0.60707	0.0017439	0.39118	1.10E-09
0.60909	0.0019153	0.389	1.13E-09
0.61204	0.0021459	0.38581	1.15E-09
0.60445	0.0020708	0.39348	1.06E-09
0.59892	0.0017971	0.39929	1.05E-09
0.59694	0.0016154	0.40144	1.02E-09
0.59658	0.0014738	0.40195	9.89E-10
0.59731	0.0013494	0.40134	9.47E-10
0.59851	0.0012637	0.40023	8.99E-10
0.59945	0.0012176	0.39933	8.49E-10
0.59801	0.001243	0.40075	7.97E-10
0.60637	0.0015663	0.39206	9.30E-10
0.60315	0.0015083	0.39535	5.41E-10
0.6006	0.0014426	0.39796	5.48E-10
0.59928	0.0013762	0.39935	5.52E-10
0.59849	0.0015115	0.4	5.55E-10
0.59756	0.0015997	0.40084	5.56E-10
0.6086	0.0015865	0.38981	9.70E-10
0.61189	0.0016673	0.38644	1.00E-09
0.6148	0.0018001	0.3834	1.03E-09
0.61708	0.0019806	0.38094	1.05E-09
0.61011	0.0018305	0.38806	9.57E-10
0.60295	0.0016688	0.39538	9.49E-10
0.59761	0.0015191	0.40087	9.27E-10
0.59637	0.0014021	0.40223	8.95E-10
0.59666	0.0012716	0.40207	8.57E-10
0.59753	0.0011807	0.40129	8.14E-10
0.59858	0.0011286	0.40029	7.68E-10
0.59939	0.0010569	0.39955	7.21E-10
0.598	0.0010285	0.40097	6.75E-10
0.5966	0.0022738	0.40113	1.50E-09
0.59605	0.0017569	0.4022	1.57E-09
0.59745	0.001922	0.40063	1.55E-09
0.59655	0.0022082	0.40124	1.81E-09
0.59636	0.0014875	0.40215	1.59E-09
0.59783	0.0015088	0.40066	1.62E-09
0.59658	0.0018199	0.4016	1.62E-09
0.59829	0.0019967	0.39972	1.77E-09
0.5972	0.0017272	0.40107	1.77E-09
0.59649	0.0013564	0.40215	1.53E-09
0.59801	0.001329	0.40066	1.59E-09
0.59704	0.0014778	0.40148	1.62E-09
0.59593	0.0019206	0.40215	1.62E-09
0.5974	0.00192	0.40068	1.69E-09
0.59877	0.0015855	0.39964	1.69E-09
0.59757	0.0015287	0.4009	1.66E-09
0.5966	0.0011661	0.40224	1.43E-09
0.59808	0.0012519	0.40067	1.49E-09
0.59726	0.0012979	0.40145	1.54E-09
0.5963	0.0014349	0.40227	1.57E-09
0.59589	0.0019452	0.40217	1.58E-09
0.59644	0.0018717	0.40169	1.59E-09
0.59783	0.0015281	0.40064	1.59E-09
0.59907	0.0014078	0.39952	1.56E-09
0.59774	0.0014098	0.40085	1.51E-09
0.59815	0.0011409	0.40071	1.36E-09
0.59662	0.0011191	0.40226	9.98E-10
0.59756	0.0012573	0.40118	1.42E-09
0.59684	0.0013596	0.40181	1.47E-09
0.59644	0.0015242	0.40203	1.50E-09
0.59662	0.0018159	0.40156	1.52E-09
0.59623	0.0018603	0.40192	1.49E-09
0.59674	0.0015238	0.40174	1.48E-09
0.5981	0.0013923	0.40051	1.45E-09
0.59922	0.001313	0.39946	1.41E-09
0.59792	0.0011836	0.40089	1.35E-09
0.59794	0.0012046	0.40086	1.28E-09
0.59816	0.0011339	0.40071	8.83E-10
0.59665	0.0011679	0.40218	8.93E-10
0.59766	0.0013222	0.40101	1.34E-09
0.59749	0.0014884	0.40102	1.39E-09
0.59779	0.0016313	0.40058	1.42E-09
0.59887	0.0018641	0.39927	1.44E-09
0.59664	0.0018897	0.40147	1.38E-09
0.59623	0.0015842	0.40218	1.37E-09
0.5969	0.0014224	0.40168	1.34E-09
0.59827	0.0013284	0.4004	1.30E-09
0.59937	0.0011779	0.39945	1.24E-09
0.59801	0.0011404	0.40085	1.18E-09
0.59846	0.0013221	0.40022	1.20E-09
0.59812	0.0012414	0.40064	7.81E-10
0.59822	0.0011938	0.40059	7.90E-10
0.59669	0.0012454	0.40207	7.96E-10
0.59898	0.0014392	0.39959	1.25E-09
0.60007	0.0015974	0.39833	1.29E-09
0.60312	0.0017546	0.39512	1.32E-09
0.6056	0.0019532	0.39244	1.34E-09
0.59857	0.0019549	0.39947	1.27E-09
0.59641	0.0016494	0.40194	1.26E-09
0.59617	0.0014968	0.40234	1.23E-09
0.59715	0.0013788	0.40148	1.19E-09
0.59834	0.0012426	0.40042	1.14E-09
0.59948	0.0011545	0.39937	1.08E-09
0.5981	0.0011497	0.40075	1.02E-09
0.60131	0.0014565	0.39723	1.11E-09
0.59946	0.0013798	0.39916	6.91E-10
0.59901	0.0013061	0.39968	6.99E-10
0.59838	0.0012837	0.40034	7.05E-10
0.59697	0.0013499	0.40168	7.08E-10
0.60391	0.0015814	0.39451	1.16E-09
0.60587	0.0017389	0.39239	1.20E-09
0.60857	0.0019166	0.38951	1.23E-09
0.61159	0.0021145	0.38629	1.24E-09
0.60487	0.0020667	0.39306	1.16E-09
0.59785	0.0017776	0.40037	1.15E-09
0.59642	0.0016075	0.40197	1.13E-09
0.59647	0.0014735	0.40206	1.09E-09
0.59725	0.0013472	0.4014	1.04E-09
0.5985	0.0012452	0.40025	9.90E-10
0.59954	0.0011784	0.39928	9.34E-10
0.59812	0.0011866	0.4007	8.78E-10
0.60526	0.0016134	0.39313	1.02E-09
0.6025	0.0015504	0.39595	6.12E-10
0.60081	0.001489	0.3977	6.19E-10
0.59932	0.001437	0.39924	6.24E-10
0.59861	0.0014963	0.3999	6.27E-10
0.5974	0.0016127	0.40098	6.28E-10
0.60834	0.0017522	0.38991	1.06E-09
0.61205	0.0019196	0.38603	1.10E-09
0.61576	0.0021071	0.38213	1.13E-09
0.61827	0.0023407	0.37939	1.15E-09
0.61029	0.0022569	0.38745	1.06E-09
0.60257	0.0019647	0.39546	1.05E-09
0.59793	0.001765	0.40031	1.02E-09
0.59649	0.0016054	0.4019	9.89E-10
0.59644	0.0014651	0.40209	9.47E-10
0.59736	0.0013601	0.40128	8.99E-10
0.59857	0.0012936	0.40013	8.49E-10
0.59948	0.001269	0.39925	7.97E-10
0.598	0.0013248	0.40067	7.45E-10
0.6096	0.001699	0.3887	9.30E-10
0.60611	0.0015893	0.3923	5.41E-10
0.60318	0.0015121	0.39531	5.48E-10
0.60082	0.0014205	0.39776	5.52E-10
0.59945	0.0015845	0.39896	5.55E-10
0.59903	0.001624	0.39934	5.56E-10
0.59704	0.0014752	0.40149	5.55E-10
0.61353	0.0017009	0.38477	9.70E-10
0.6161	0.0017917	0.38211	1.00E-09
0.61754	0.0019352	0.38052	1.03E-09
0.61983	0.002132	0.37804	1.05E-09
0.61565	0.0019738	0.38238	9.57E-10
0.60691	0.0018013	0.39129	9.49E-10
0.6003	0.0016402	0.39806	9.27E-10
0.59683	0.001501	0.40167	8.95E-10
0.59632	0.0013971	0.40229	8.57E-10
0.59667	0.0012508	0.40207	8.14E-10
0.59755	0.0011805	0.40127	7.68E-10
0.5986	0.0010926	0.40031	7.21E-10
0.59948	0.0010465	0.39947	6.75E-10
0.59779	0.0010334	0.40118	9.06E-10
0.59666	0.0022941	0.40105	1.66E-09
0.59647	0.0022295	0.4013	1.58E-09
0.59804	0.0023263	0.39964	1.50E-09
0.59611	0.0017392	0.40215	1.55E-09
0.59751	0.001788	0.4007	1.57E-09
0.59619	0.0023013	0.4015	1.55E-09
0.59799	0.0022628	0.39975	1.81E-09
0.59683	0.0020222	0.40115	1.83E-09
0.59629	0.0015666	0.40214	1.54E-09
0.59782	0.0015215	0.40066	1.59E-09
0.59683	0.0016762	0.4015	1.62E-09
0.59553	0.0023213	0.40215	1.62E-09
0.59719	0.0021783	0.40063	1.77E-09
0.59863	0.0017942	0.39957	1.77E-09
0.59738	0.0017111	0.40091	1.74E-09
0.59648	0.0012708	0.40225	1.47E-09
0.59796	0.0013868	0.40066	1.53E-09
0.59716	0.0014632	0.40138	1.59E-09
0.59603	0.0016729	0.4023	1.62E-09
0.59536	0.0023378	0.4023	1.62E-09
0.59621	0.0021188	0.40167	1.69E-09
0.59779	0.0017025	0.4005	1.69E-09
0.59904	0.0015637	0.3994	1.66E-09
0.59758	0.0015584	0.40086	1.61E-09
0.59806	0.0012006	0.40074	1.43E-09
0.59647	0.0011658	0.40237	1.13E-09
0.59736	0.0013417	0.4013	1.49E-09
0.59662	0.0014374	0.40195	1.54E-09
0.59605	0.0016745	0.40227	1.57E-09
0.5961	0.0023084	0.40159	1.58E-09
0.59605	0.0020709	0.40188	1.59E-09
0.59645	0.0016423	0.40191	1.59E-09
0.59807	0.0015092	0.40042	1.56E-09
0.5992	0.0014401	0.39936	1.51E-09
0.59786	0.0012907	0.40085	1.45E-09
0.59787	0.0012352	0.4009	1.36E-09
0.59809	0.0011487	0.40076	9.98E-10
0.59656	0.0011597	0.40228	1.01E-09
0.5973	0.0013675	0.40133	1.42E-09
0.59705	0.001527	0.40142	1.47E-09
0.59714	0.001739	0.40112	1.50E-09
0.59801	0.0022139	0.39977	1.52E-09
0.59646	0.0020454	0.4015	1.49E-09
0.596	0.0016612	0.40234	1.48E-09
0.59666	0.0015113	0.40183	1.45E-09
0.59831	0.0014189	0.40027	1.41E-09
0.59937	0.0012348	0.3994	1.35E-09
0.598	0.0011745	0.40082	1.28E-09
0.59821	0.0013201	0.40047	1.28E-09
0.59792	0.0012407	0.40084	8.83E-10
0.59812	0.0011883	0.40069	8.93E-10
0.59659	0.0012464	0.40216	9.00E-10
0.59834	0.0014686	0.40019	1.34E-09
0.59918	0.0016416	0.39918	1.39E-09
0.601	0.001848	0.39715	1.42E-09
0.60331	0.0021538	0.39454	1.44E-09
0.59786	0.0020738	0.40007	1.38E-09
0.59625	0.0017384	0.40202	1.37E-09
0.59606	0.0015593	0.40238	1.34E-09
0.59679	0.0014447	0.40177	1.30E-09
0.59845	0.0012675	0.40028	1.24E-09
0.59948	0.0011686	0.39935	1.18E-09
0.59807	0.0011457	0.40078	1.12E-09
0.59988	0.0014557	0.39866	1.20E-09
0.59863	0.0013695	0.4	7.81E-10
0.59828	0.0012976	0.40042	7.90E-10
0.59816	0.0012711	0.40057	7.96E-10
0.59668	0.0013538	0.40196	8.00E-10
0.60173	0.0015795	0.39669	1.25E-09
0.60414	0.0017654	0.39409	1.29E-09
0.60886	0.0019409	0.3892	1.32E-09
0.61208	0.00223	0.38569	1.34E-09
0.60318	0.0021431	0.39468	1.27E-09
0.59731	0.0017888	0.4009	1.26E-09
0.596	0.00163	0.40238	1.23E-09
0.59616	0.0015016	0.40234	1.19E-09
0.59722	0.0013491	0.40143	1.14E-09
0.59852	0.0012445	0.40024	1.08E-09
0.59957	0.001176	0.39926	1.02E-09
0.59813	0.0011899	0.40068	9.62E-10
0.60432	0.0016029	0.39408	1.11E-09
0.60163	0.0015057	0.39686	6.91E-10
0.59993	0.0014266	0.39864	6.99E-10
0.59891	0.001381	0.3997	7.05E-10
0.59841	0.0013998	0.40019	7.08E-10
0.59739	0.0015821	0.40103	7.10E-10
0.6083	0.0017394	0.38996	1.16E-09
0.61175	0.0019171	0.38634	1.20E-09
0.61343	0.0021048	0.38447	1.23E-09
0.6166	0.0023837	0.38102	1.24E-09
0.60905	0.0022541	0.3887	1.16E-09
0.60106	0.0019434	0.397	1.15E-09
0.59711	0.0017481	0.40115	1.13E-09
0.59592	0.0016048	0.40247	1.09E-09
0.59624	0.001463	0.4023	1.04E-09
0.59726	0.0013505	0.40139	9.90E-10
0.59863	0.0012703	0.4001	9.34E-10
0.59957	0.0012273	0.3992	8.78E-10
0.59812	0.0012672	0.40061	8.21E-10
0.61085	0.0017754	0.38738	1.02E-09
0.60709	0.001687	0.39123	6.12E-10
0.60333	0.0016122	0.39506	6.19E-10
0.60091	0.0015531	0.39754	6.24E-10
0.59918	0.0015891	0.39923	6.27E-10
0.59887	0.001636	0.39949	6.28E-10
0.59716	0.0014108	0.40143	6.27E-10
0.6138	0.0019254	0.38427	1.06E-09
0.61717	0.0021076	0.38072	1.10E-09
0.61993	0.0022984	0.37777	1.13E-09
0.62216	0.0025713	0.37527	1.15E-09
0.61521	0.0024493	0.38234	1.06E-09
0.60727	0.0021537	0.39058	1.05E-09
0.6002	0.0019339	0.39787	1.02E-09
0.59723	0.0017553	0.40101	9.89E-10
0.59603	0.0015982	0.40237	9.47E-10
0.59626	0.0014772	0.40226	8.99E-10
0.59747	0.0013935	0.40114	8.49E-10
0.59859	0.0013499	0.40006	7.97E-10
0.59947	0.0013531	0.39918	7.45E-10
0.59791	0.0014388	0.40065	1.00E-09
0.61312	0.0017896	0.38509	9.30E-10
0.60953	0.0016783	0.38879	5.41E-10
0.60618	0.0015946	0.39222	5.48E-10
0.60319	0.0014762	0.39533	5.52E-10
0.60155	0.0016745	0.39678	5.55E-10
0.59972	0.0016649	0.39862	5.56E-10
0.59847	0.0015319	0.39999	5.55E-10
0.59709	0.0013067	0.40161	5.52E-10
0.61612	0.0018237	0.38206	9.70E-10
0.6182	0.0019227	0.37988	1.00E-09
0.61983	0.0020784	0.37809	1.03E-09
0.62134	0.0022905	0.37637	1.05E-09
0.61998	0.0021298	0.37789	9.57E-10
0.6129	0.0019433	0.38515	9.49E-10
0.60483	0.00177	0.3934	9.27E-10
0.59855	0.0016157	0.39984	8.95E-10
0.59655	0.0014949	0.40196	8.57E-10
0.59613	0.0013361	0.40254	8.14E-10
0.59661	0.0012489	0.40214	7.68E-10
0.59758	0.001147	0.40127	7.21E-10
0.59858	0.0010898	0.40033	6.75E-10
0.59926	0.0010612	0.39968	9.06E-10
0.59799	0.0010956	0.40091	9.02E-10
0.59672	0.0022343	0.40104	1.75E-09
0.59657	0.0022885	0.40115	1.70E-09
0.5981	0.0023443	0.39955	1.66E-09
0.59649	0.0021661	0.40134	1.61E-09
0.5979	0.0022955	0.39981	1.58E-09
0.59696	0.0025179	0.40053	1.50E-09
0.59604	0.0018215	0.40214	1.50E-09
0.59754	0.0018016	0.40066	1.55E-09
0.59633	0.0020967	0.40157	1.57E-09
0.59494	0.0027145	0.40235	1.55E-09
0.59693	0.0024608	0.40061	1.81E-09
0.59826	0.0020856	0.39965	1.83E-09
0.59696	0.002	0.40104	1.80E-09
0.59634	0.0014434	0.40222	1.47E-09
0.59776	0.0015865	0.40065	1.54E-09
0.59694	0.0016497	0.40141	1.59E-09
0.59562	0.0019483	0.40243	1.62E-09
0.59485	0.0027249	0.40243	1.62E-09
0.59603	0.0024117	0.40156	1.77E-09
0.59754	0.0019998	0.40046	1.77E-09
0.59884	0.0017416	0.39942	1.74E-09
0.59737	0.001754	0.40087	1.69E-09
0.59794	0.0013019	0.40075	1.47E-09
0.59635	0.001266	0.40239	1.27E-09
0.59723	0.0015058	0.40127	1.53E-09
0.59634	0.0016349	0.40202	1.59E-09
0.59561	0.0019009	0.40249	1.62E-09
0.59537	0.0026177	0.40201	1.62E-09
0.5956	0.0023601	0.40204	1.69E-09
0.59632	0.0018957	0.40178	1.69E-09
0.59794	0.0016965	0.40036	1.66E-09
0.59904	0.0015963	0.39936	1.61E-09
0.59764	0.0015011	0.40085	1.55E-09
0.59759	0.0013012	0.40111	1.43E-09
0.59794	0.0011866	0.40088	1.13E-09
0.5964	0.0011669	0.40244	1.14E-09
0.59692	0.0014524	0.40163	1.49E-09
0.59654	0.001627	0.40183	1.54E-09
0.59654	0.0020181	0.40144	1.57E-09
0.59735	0.0025573	0.40009	1.58E-09
0.59626	0.0023035	0.40144	1.59E-09
0.59575	0.0018472	0.4024	1.59E-09
0.59671	0.0016512	0.40164	1.56E-09
0.59827	0.0015576	0.40017	1.51E-09
0.5993	0.0013496	0.39935	1.45E-09
0.59786	0.001297	0.40084	1.38E-09
0.59813	0.0013761	0.40049	1.36E-09
0.5978	0.0012413	0.40096	9.98E-10
0.59802	0.0011934	0.40079	1.01E-09
0.59648	0.0012387	0.40229	1.02E-09
0.59777	0.0015401	0.40069	1.42E-09
0.59827	0.0017261	0.4	1.47E-09
0.59964	0.0020394	0.39832	1.50E-09
0.60168	0.0025598	0.39576	1.52E-09
0.59751	0.0022399	0.40025	1.49E-09
0.59576	0.001825	0.40242	1.48E-09
0.59586	0.0016429	0.4025	1.45E-09
0.59699	0.0015419	0.40147	1.41E-09
0.59848	0.00134	0.40018	1.35E-09
0.59946	0.0012196	0.39932	1.28E-09
0.59802	0.0011864	0.40079	1.21E-09
0.59932	0.0014684	0.39921	1.28E-09
0.59823	0.00137	0.4004	8.83E-10
0.5979	0.0012992	0.4008	8.93E-10
0.59806	0.0012711	0.40067	9.00E-10
0.59657	0.001394	0.40204	9.04E-10
0.60056	0.001636	0.39781	1.34E-09
0.60289	0.0018342	0.39528	1.39E-09
0.60677	0.002105	0.39112	1.42E-09
0.61001	0.0025117	0.38748	1.44E-09
0.60114	0.0022805	0.39658	1.38E-09
0.597	0.0018978	0.4011	1.37E-09
0.59555	0.0017164	0.40273	1.34E-09
0.59595	0.0015782	0.40248	1.30E-09
0.59722	0.0013928	0.40139	1.24E-09
0.5985	0.0012664	0.40023	1.18E-09
0.59954	0.0011825	0.39928	1.12E-09
0.59813	0.0011881	0.40069	1.05E-09
0.60306	0.0016037	0.39534	1.20E-09
0.60054	0.001499	0.39796	7.81E-10
0.59903	0.001427	0.39954	7.90E-10
0.59828	0.0013779	0.40034	7.96E-10
0.59816	0.0013731	0.40047	8.00E-10
0.5972	0.0016294	0.40117	8.02E-10
0.60654	0.0017528	0.39171	1.25E-09
0.60972	0.0019518	0.38833	1.29E-09
0.61278	0.002195	0.38503	1.32E-09
0.61609	0.0025803	0.38133	1.34E-09
0.60931	0.0023563	0.38834	1.27E-09
0.60003	0.0019577	0.39801	1.26E-09
0.59658	0.0017721	0.40165	1.23E-09
0.59553	0.0016382	0.40284	1.19E-09
0.59617	0.0014681	0.40236	1.14E-09
0.59737	0.0013523	0.40128	1.08E-09
0.59864	0.0012687	0.40009	1.02E-09
0.59959	0.0012228	0.39919	9.62E-10
0.59813	0.0012717	0.40059	9.00E-10
0.60909	0.0017639	0.38915	1.11E-09
0.60574	0.0016506	0.39261	6.91E-10
0.60249	0.0015713	0.39594	6.99E-10
0.60004	0.0015183	0.39844	7.05E-10
0.59893	0.0015334	0.39954	7.08E-10
0.59886	0.0016076	0.39953	7.10E-10
0.59702	0.0013618	0.40162	7.08E-10
0.61247	0.0019196	0.38561	1.16E-09
0.61717	0.0021152	0.38072	1.20E-09
0.61899	0.0023228	0.37869	1.23E-09
0.62146	0.0026637	0.37588	1.24E-09
0.61394	0.002452	0.38361	1.16E-09
0.60654	0.0021316	0.39133	1.15E-09
0.59944	0.0019263	0.39863	1.13E-09
0.59642	0.0017531	0.40183	1.09E-09
0.59559	0.001596	0.40281	1.04E-09
0.59628	0.0014686	0.40225	9.90E-10
0.5975	0.0013809	0.40112	9.34E-10
0.59866	0.0013264	0.40001	8.78E-10
0.59957	0.0013142	0.39911	8.21E-10
0.59804	0.0013882	0.40057	1.10E-09
0.61496	0.0019485	0.38309	1.02E-09
0.61087	0.0018348	0.38729	6.12E-10
0.60688	0.0017605	0.39136	6.19E-10
0.60354	0.0016996	0.39476	6.24E-10
0.60097	0.0017168	0.39731	6.27E-10
0.5996	0.0017338	0.39866	6.28E-10
0.59862	0.0014408	0.39994	6.27E-10
0.59719	0.0013386	0.40147	6.24E-10
0.61841	0.0021118	0.37948	1.06E-09
0.6213	0.0023007	0.37639	1.10E-09
0.62341	0.0024901	0.3741	1.13E-09
0.62465	0.0028089	0.37254	1.15E-09
0.62008	0.0026498	0.37727	1.06E-09
0.6121	0.0023629	0.38554	1.05E-09
0.60418	0.0021207	0.3937	1.02E-09
0.59911	0.0019249	0.39897	9.89E-10
0.5965	0.00175	0.40175	9.47E-10
0.59565	0.0016113	0.40274	8.99E-10
0.59641	0.0015142	0.40208	8.49E-10
0.59756	0.0014558	0.40098	7.97E-10
0.59861	0.00144	0.39995	7.45E-10
0.59938	0.0014704	0.39915	1.00E-09
0.59786	0.0015771	0.40057	9.96E-10
0.61624	0.0018989	0.38186	9.30E-10
0.61305	0.0017747	0.38517	5.41E-10
0.60965	0.0016854	0.38866	5.48E-10
0.60626	0.0016398	0.3921	5.52E-10
0.60375	0.0017723	0.39448	5.55E-10
0.60123	0.0017254	0.39704	5.56E-10
0.59948	0.0016169	0.3989	5.55E-10
0.59856	0.0013252	0.40011	5.52E-10
0.59741	0.0012878	0.4013	5.48E-10
0.61843	0.0019567	0.37961	9.70E-10
0.61971	0.0020627	0.37823	1.00E-09
0.62101	0.0022283	0.37676	1.03E-09
0.622	0.0024563	0.37554	1.05E-09
0.62169	0.0022866	0.37602	9.57E-10
0.61838	0.0021045	0.37951	9.49E-10
0.61061	0.0019156	0.38748	9.27E-10
0.60245	0.001747	0.3958	8.95E-10
0.59771	0.0016096	0.40068	8.57E-10
0.59629	0.0014354	0.40228	8.14E-10
0.59603	0.0013311	0.40264	7.68E-10
0.59671	0.0012346	0.40205	7.21E-10
0.59743	0.0011465	0.40142	6.75E-10
0.59844	0.0011019	0.40045	9.06E-10
0.59947	0.0011213	0.39941	9.02E-10
0.5981	0.0013469	0.40056	8.92E-10
0.59672	0.0021667	0.40112	1.78E-09
0.59671	0.0021528	0.40114	1.75E-09
0.59817	0.0022808	0.39955	1.75E-09
0.59652	0.002238	0.40125	1.70E-09
0.59801	0.0023397	0.39965	1.70E-09
0.59712	0.0025246	0.40036	1.66E-09
0.59626	0.002127	0.40161	1.61E-09
0.59792	0.0022373	0.39985	1.61E-09
0.59673	0.0024923	0.40078	1.58E-09
0.59582	0.0027565	0.40143	1.50E-09
0.59606	0.0017106	0.40223	1.43E-09
0.59751	0.0018446	0.40065	1.50E-09
0.59642	0.0020072	0.40157	1.55E-09
0.59518	0.0025832	0.40224	1.57E-09
0.59438	0.0030041	0.40262	1.55E-09
0.59587	0.0027123	0.40142	1.81E-09
0.59718	0.00227	0.40056	1.83E-09
0.59838	0.0020729	0.39955	1.80E-09
0.597	0.0021131	0.40089	1.75E-09
0.59779	0.0014813	0.40073	1.47E-09
0.59618	0.0014419	0.40238	1.44E-09
0.59691	0.0016898	0.4014	1.54E-09
0.59604	0.0018567	0.4021	1.59E-09
0.59507	0.0023237	0.40261	1.62E-09
0.59471	0.0030187	0.40227	1.62E-09
0.5953	0.0027106	0.40199	1.77E-09
0.59613	0.0022063	0.40167	1.77E-09
0.59768	0.001969	0.40035	1.74E-09
0.59884	0.001784	0.39938	1.69E-09
0.59734	0.0017375	0.40093	1.63E-09
0.59729	0.0014381	0.40128	1.47E-09
0.5978	0.0013036	0.4009	1.27E-09
0.59621	0.0012721	0.40252	1.29E-09
0.59665	0.0016645	0.40168	1.53E-09
0.59607	0.0018559	0.40208	1.59E-09
0.59594	0.0022374	0.40182	1.62E-09
0.59638	0.0029365	0.40068	1.62E-09
0.59551	0.0026395	0.40185	1.69E-09
0.59531	0.0022035	0.40249	1.69E-09
0.59654	0.0018479	0.40161	1.66E-09
0.59807	0.0017295	0.4002	1.61E-09
0.59909	0.0015556	0.39936	1.55E-09
0.59764	0.0015078	0.40085	1.47E-09
0.5976	0.0014348	0.40097	1.43E-09
0.59744	0.0013003	0.40126	1.13E-09
0.59784	0.0012124	0.40095	1.14E-09
0.5963	0.0012476	0.40245	1.15E-09
0.59725	0.001637	0.40111	1.49E-09
0.59728	0.0019212	0.4008	1.54E-09
0.59831	0.0023385	0.39935	1.57E-09
0.60018	0.0028498	0.39697	1.58E-09
0.59714	0.0025677	0.40029	1.59E-09
0.59521	0.0021459	0.40264	1.59E-09
0.59571	0.0018049	0.40249	1.56E-09
0.59691	0.0016999	0.40139	1.51E-09
0.59837	0.0014858	0.40014	1.45E-09
0.59933	0.0013241	0.39934	1.38E-09
0.59786	0.0012813	0.40086	1.30E-09
0.59909	0.00155	0.39936	1.36E-09
0.59811	0.0013824	0.40051	9.98E-10
0.59775	0.0012994	0.40095	1.01E-09
0.59794	0.001271	0.40079	1.02E-09
0.59646	0.0013817	0.40216	1.02E-09
0.59955	0.0017243	0.39873	1.42E-09
0.60145	0.0020034	0.39655	1.47E-09
0.60432	0.0023418	0.39333	1.50E-09
0.60751	0.0028202	0.38967	1.52E-09
0.60001	0.0025273	0.39747	1.49E-09
0.59646	0.0020273	0.40152	1.48E-09
0.59525	0.001799	0.40295	1.45E-09
0.59587	0.0016665	0.40247	1.41E-09
0.59719	0.0014655	0.40134	1.35E-09
0.59854	0.0013297	0.40013	1.28E-09
0.59949	0.0012158	0.39929	1.21E-09
0.59808	0.0011964	0.40072	1.14E-09
0.60145	0.0016335	0.39691	1.28E-09
0.59944	0.0015018	0.39905	8.83E-10
0.59829	0.0014304	0.40028	8.93E-10
0.59793	0.001379	0.40069	9.00E-10
0.59804	0.0014171	0.40054	9.04E-10
0.59697	0.0017513	0.40128	9.05E-10
0.60451	0.0018281	0.39366	1.34E-09
0.60799	0.0020961	0.38991	1.39E-09
0.61298	0.0023489	0.38467	1.42E-09
0.61651	0.0028041	0.38068	1.44E-09
0.60719	0.0025187	0.3903	1.38E-09
0.59931	0.0020968	0.39859	1.37E-09
0.59601	0.0018768	0.40212	1.34E-09
0.59528	0.0017268	0.40299	1.30E-09
0.59606	0.0015248	0.40241	1.24E-09
0.59736	0.0013849	0.40126	1.18E-09
0.59855	0.0012701	0.40018	1.12E-09
0.59959	0.0012247	0.39919	1.05E-09
0.59812	0.0012707	0.40061	9.81E-10
0.60766	0.0017648	0.39058	1.20E-09
0.60461	0.0016453	0.39374	7.81E-10
0.60166	0.0015718	0.39676	7.90E-10
0.59924	0.001508	0.39926	7.96E-10
0.59848	0.0015227	0.4	8.00E-10
0.59866	0.0016555	0.39968	8.02E-10
0.59685	0.0013448	0.40181	8.00E-10
0.61239	0.0019336	0.38567	1.25E-09
0.61589	0.0021939	0.38192	1.29E-09
0.61757	0.0024824	0.37995	1.32E-09
0.62069	0.0028584	0.37645	1.34E-09
0.61353	0.002575	0.3839	1.27E-09
0.60484	0.0021579	0.393	1.26E-09
0.59874	0.0019252	0.39934	1.23E-09
0.59562	0.0017875	0.40259	1.19E-09
0.59532	0.0016091	0.40307	1.14E-09
0.59622	0.0014752	0.40231	1.08E-09
0.59749	0.001381	0.40113	1.02E-09
0.59867	0.0013236	0.4	9.62E-10
0.5996	0.0013044	0.39909	9.00E-10
0.59805	0.0013977	0.40055	1.21E-09
0.61477	0.0019354	0.38329	1.11E-09
0.61057	0.0018125	0.38761	6.91E-10
0.60663	0.0017351	0.39163	6.99E-10
0.60277	0.0016743	0.39555	7.05E-10
0.6005	0.0016975	0.39781	7.08E-10
0.59944	0.0017183	0.39884	7.10E-10
0.59846	0.001421	0.40012	7.08E-10
0.59702	0.0012313	0.40175	7.05E-10
0.61756	0.0021123	0.38033	1.16E-09
0.62097	0.002325	0.3767	1.20E-09
0.62367	0.0025726	0.37376	1.23E-09
0.62506	0.0029	0.37204	1.24E-09
0.6196	0.002667	0.37773	1.16E-09
0.6127	0.0023468	0.38495	1.15E-09
0.60361	0.0021219	0.39427	1.13E-09
0.59847	0.0019209	0.39961	1.09E-09
0.59569	0.0017466	0.40257	1.04E-09
0.59545	0.0016043	0.40295	9.90E-10
0.59639	0.0015075	0.4021	9.34E-10
0.59761	0.001445	0.40095	8.78E-10
0.59869	0.0014152	0.39989	8.21E-10
0.59949	0.0014348	0.39907	1.10E-09
0.59794	0.0015399	0.40052	1.10E-09
0.61937	0.002132	0.3785	1.02E-09
0.61524	0.0019929	0.38276	6.12E-10
0.61107	0.0019268	0.387	6.19E-10
0.60714	0.0018779	0.39098	6.24E-10
0.60435	0.0018722	0.39378	6.27E-10
0.60126	0.0018646	0.39688	6.28E-10
0.59927	0.0015909	0.39914	6.27E-10
0.59866	0.0013602	0.39998	6.24E-10
0.59721	0.0012427	0.40154	6.19E-10
